1 0.237593 0.145242 0.048594 0.060100
1 0.323847 0.146077 0.038875 0.061770
1 0.168955 0.419866 0.030371 0.048414
1 0.310484 0.402337 0.055883 0.060100
1 0.450799 0.382304 0.059527 0.076795
1 0.493926 0.204508 0.043734 0.055092
1 0.716242 0.217863 0.046164 0.075125
1 0.786703 0.425710 0.041305 0.043406
1 0.940989 0.540902 0.055883 0.110184
1 0.755118 0.565943 0.041305 0.053422
1 0.524904 0.543406 0.040090 0.075125
1 0.527941 0.648581 0.055883 0.071786
1 0.346322 0.868114 0.078965 0.090150
1 0.261890 0.909015 0.038875 0.048414