1 0.340212 0.502609 0.147406 0.160016
1 0.349646 0.276500 0.100236 0.135665
1 0.734670 0.468693 0.056604 0.130447
1 0.583137 0.594792 0.064858 0.093922
1 0.287736 0.721761 0.094340 0.100879
1 0.468160 0.940888 0.132075 0.118224
1 0.588443 0.960020 0.066038 0.079959
1 0.714033 0.756547 0.081368 0.100879
1 0.798349 0.649580 0.075472 0.130447
1 0.883844 0.676539 0.043632 0.146101
1 0.811321 0.870471 0.061321 0.113054
1 0.877948 0.913059 0.067217 0.173881
1 0.570165 0.813944 0.022406 0.038265
1 0.816627 0.179099 0.038915 0.153058
1 0.785967 0.253019 0.064858 0.120012
1 0.824882 0.386076 0.048349 0.128708