2 0.811549 0.203276 0.263567 0.248555
2 0.225620 0.186898 0.302764 0.215800
2 0.459451 0.422929 0.059471 0.102119
2 0.273603 0.370906 0.158140 0.040462
2 0.356728 0.517341 0.059471 0.117534
2 0.247922 0.594412 0.039197 0.152216
2 0.124249 0.606936 0.021626 0.184971
2 0.384436 0.754335 0.068933 0.202312
2 0.487835 0.703276 0.045955 0.150289
2 0.594614 0.484586 0.075691 0.109827
2 0.697337 0.526012 0.059471 0.157996
2 0.652733 0.722543 0.089207 0.146435
2 0.802764 0.558767 0.078394 0.173410
2 0.766270 0.768786 0.051362 0.092486
2 0.914948 0.545279 0.037845 0.138728
2 0.889268 0.717726 0.040549 0.082852